entropy: 0.996316519559
error: 0.4642857142857143